rot:
  max: 176.6367515426974
  mean: 174.81887381020667
  median: 174.68883205263955
  min: 172.8079455593912
  num_samples: 88
  rmse: 174.82081406607583
  std: 0.8236446178359095
scale:
  max: 34.525911848397904
  mean: 9.528459795890912
  median: 9.0202385642076
  min: 0.05138054637729983
  num_samples: 88
  rmse: 11.930606408290995
  std: 7.179681273402373
trans:
  max: 7.191443372876419
  mean: 3.621691445606439
  median: 3.4859483662760953
  min: 0.9103884976737732
  num_samples: 88
  rmse: 3.858547275267462
  std: 1.3310665454045099
